0 0 Black 56 56 56 255
1 1 Navy 21 70 142 255
3 3 Teal 9 174 196 255
6 6 Gold 255 180 32 255
8 8 Gray 84 84 84 255
9 9 Blue 25 111 174 255
[ d Cherry 255 163 190 255
] 5 Plum 184 83 193 255
a a Lime 120 237 94 255
g 7 GraySilver 127 127 127 255
h 7 Selected 0 0 0 255
i 9 Indigo 131 96 214 255
l d Lavender 220 174 238 255
m 4 mad 255 0 0 255
o c Orange 255 106 0 255
p d HotPink 255 0 110 255
r 9 Ocean 26 198 255 255
s e Sand 198 165 122 255
u 7 Mint 173 221 164 255
x f Vanilla 222 222 163 255
z a ForestGreen 29 124 0 255
~ 8 Brown 175 109 82 255
